# name: debug
# type: sparse matrix
# nnz: 468
# rows: 54
# columns: 54

1 1 524431881036591872.000000000
2 1 35722370.517734542
3 1 1556.092568570
4 1 -3133508.322156347
5 1 -543047.574341856
6 1 120.921678441
1 2 35722370.517736450
2 2 524431880863442944.000000000
3 2 1307.071615815
4 2 -543047.574341731
5 2 -503410.139925635
6 2 176.458772724
1 3 1556.092568571
2 3 1307.071615815
3 3 524431880830315392.000000000
4 3 -1817.561494048
5 3 -1687.868434498
6 3 0.413348933
1 4 -3133508.322156347
2 4 -543047.574341731
3 4 -1817.561494048
4 4 524431880836582464.000000000
5 4 1085702.078080589
6 4 -1933.876403853
7 4 -3133594.386746840
8 4 -542654.503738777
9 4 -120.315404575
1 5 -543047.574341856
2 5 -503410.139925635
3 5 -1687.868434498
4 5 1085702.078080632
5 5 524431880831322048.000000000
6 5 -1861.541591290
7 5 -542654.503738858
8 5 -503241.569965697
9 5 -178.056167321
1 6 120.921678441
2 6 176.458772724
3 6 0.413348933
4 6 -1933.876403853
5 6 -1861.541591290
6 6 524431880830315392.000000000
7 6 1812.954725413
8 6 1685.082818565
9 6 0.413592121
4 7 -3133594.386746840
5 7 -542654.503738858
6 7 1812.954725413
7 7 524431880836582528.000000000
8 7 1085697.829866108
9 7 1937.879624916
10 7 -3133510.076442193
11 7 -543043.326127375
12 7 120.921963462
4 8 -542654.503738777
5 8 -503241.569965697
6 8 1685.082818565
7 8 1085697.829866151
8 8 524431880831322048.000000000
9 8 1865.921666038
10 8 -543043.326127250
11 8 -503408.385639789
12 8 176.458577408
4 9 -120.315404575
5 9 -178.056167321
6 9 0.413592121
7 9 1937.879624916
8 9 1865.921666038
9 9 524431880830315392.000000000
10 9 -1817.564220340
11 9 -1687.865498717
12 9 0.413348933
7 10 -3133510.076442193
8 10 -543043.326127250
9 10 -1817.564220340
10 10 524431880992346560.000000000
11 10 28085401.048313435
12 10 11170.090021065
13 10 -158897682.611492813
14 10 -27542357.722181864
15 10 1490.781541500
7 11 -543043.326127375
8 11 -503408.385639789
9 11 -1687.865498717
10 11 28085401.048309240
11 11 524431880856348480.000000000
12 11 10399.374462454
13 11 -27542357.722186185
14 11 -25529706.218903109
15 11 2207.083118693
7 12 120.921963462
8 12 176.458577408
9 12 0.413348933
10 12 11170.090021062
11 12 10399.374462454
12 12 524431880830315392.000000000
13 12 -11291.011984526
14 12 -10575.833039862
15 12 0.361585532
10 13 -158897682.611492813
11 13 -27542357.722186185
12 13 -11291.011984526
13 13 524431881148303616.000000000
14 13 55123843.419112608
15 13 9352.432631832
16 13 -159090519.709814608
17 13 -27581485.696932726
18 13 1645.093486739
10 14 -27542357.722181864
11 14 -25529706.218903109
12 14 -10575.833039862
13 14 55123843.419114590
14 14 524431880881408384.000000000
15 14 7972.811518439
16 14 -27581485.696926419
17 14 -25563293.003652230
18 14 2440.834271173
10 15 1490.781541500
11 15 2207.083118693
12 15 0.361585532
13 15 9352.432631835
14 15 7972.811518439
15 15 524431880830315392.000000000
16 15 -10843.214173332
17 15 -10179.894637131
18 15 0.296385407
13 16 -159090519.709814608
14 16 -27581485.696926419
15 16 -10843.214173332
16 16 524431880991022848.000000000
17 16 27861484.463968605
18 16 -2923.698588922
19 16 -1616932.256508313
20 16 -279998.767042214
21 16 -96.002246623
13 17 -27581485.696932726
14 17 -25563293.003652230
15 17 -10179.894637131
16 17 27861484.463974942
17 17 524431880856138368.000000000
18 17 -3630.832111939
19 17 -279998.767042185
20 17 -259667.551051900
21 17 -142.662455399
13 18 1645.093486739
14 18 2440.834271173
15 18 0.296385407
16 18 -2923.698588922
17 18 -3630.832111939
18 18 524431880830315392.000000000
19 18 1278.605102183
20 18 1189.997840765
21 18 0.426262762
16 19 -1616932.256508313
17 19 -279998.767042185
18 19 1278.605102183
19 19 524431880979847104.000000000
20 19 25894672.397666667
21 19 13771.209989276
22 19 -147914756.789078951
23 19 -25614673.630623933
24 19 251.659777812
16 20 -279998.767042214
17 20 -259667.551051900
18 20 1189.997840765
19 20 25894672.397666149
20 20 524431880854329408.000000000
21 20 12762.462646553
22 20 -25614673.630624481
23 20 -23754343.350670148
24 20 366.540082551
16 21 -96.002246623
17 21 -142.662455399
18 21 0.426262762
19 21 13771.209989276
20 21 12762.462646553
21 21 524431880830315392.000000000
22 21 -13675.207742654
23 21 -12619.800191154
24 21 0.178349516
19 22 -147914756.789078951
20 22 -25614673.630624481
21 22 -13675.207742654
22 22 524431881124397376.000000000
23 22 50928082.197822824
24 22 13057.288656032
25 22 -146167249.629219294
26 22 -25313408.567198224
27 22 399.208880389
19 23 -25614673.630623933
20 23 -23754343.350670148
21 23 -12619.800191154
22 23 50928082.197822154
23 23 524431880877544064.000000000
24 23 11936.172381967
25 23 -25313408.567198344
26 23 -23474318.308393922
27 23 582.621123670
19 24 251.659777812
20 24 366.540082551
21 24 0.178349516
22 24 13057.288656032
23 24 11936.172381967
24 24 524431880830315392.000000000
25 24 -13308.948433844
26 24 -12302.712464518
27 24 0.263559493
22 25 -146167249.629219294
23 25 -25313408.567198344
24 25 -13308.948433844
25 25 524431880981083776.000000000
26 25 26110786.597398505
27 25 1764.449478529
28 25 -4601146.948975300
29 25 -797378.030200267
30 25 162.815669333
22 26 -25313408.567198224
23 26 -23474318.308393922
24 26 -12302.712464518
25 26 26110786.597398493
26 26 524431880854528896.000000000
27 26 1429.063701648
28 26 -797378.030200160
29 26 -739184.637718492
30 26 238.173016733
22 27 399.208880389
23 27 582.621123670
24 27 0.263559493
25 27 1764.449478530
26 27 1429.063701648
27 27 524431880830315392.000000000
28 27 -2163.658358918
29 27 -2011.684825318
30 27 0.426806158
25 28 -4601146.948975300
26 28 -797378.030200160
27 28 -2163.658358918
28 28 524431880993814336.000000000
29 28 28339426.816966232
30 28 11128.220813145
31 28 -158897810.209649801
32 28 -27542048.786761750
33 28 1490.786654009
25 29 -797378.030200267
26 29 -739184.637718492
27 29 -2011.684825318
28 29 28339426.816962019
29 29 524431880856584128.000000000
30 29 10337.633868470
31 29 -27542048.786766071
32 29 -25529578.620746151
33 29 2207.079665423
25 30 162.815669333
26 30 238.173016733
27 30 0.426806158
28 30 11128.220813143
29 30 10337.633868470
30 30 524431880830315392.000000000
31 30 -11291.036482478
32 30 -10575.806885203
33 30 0.361585532
28 31 -158897810.209649801
29 31 -27542048.786766071
30 31 -11291.036482478
31 31 524431881148303872.000000000
32 31 55123225.179382682
33 31 9352.451100120
34 31 -159090647.489243686
35 31 -27581176.392622918
36 31 1645.099140711
28 32 -27542048.786761750
29 32 -25529578.620746151
30 32 -10575.806885203
31 32 55123225.179384664
32 32 524431880881408128.000000000
33 32 7972.789854334
34 32 -27581176.392616611
35 32 -25563165.224223129
36 32 2440.830460453
28 33 1490.786654009
29 33 2207.079665423
30 33 0.361585532
31 33 9352.451100123
32 33 7972.789854334
33 33 524431880830315392.000000000
34 33 -10843.237754128
35 33 -10179.869519757
36 33 0.296385407
31 34 -159090647.489243686
32 34 -27581176.392616611
33 34 -10843.237754128
34 34 524431880991325760.000000000
35 34 27913609.279881675
36 34 -3021.782359720
37 34 -1919701.339154085
38 34 -332432.887265047
39 34 -111.448737850
31 35 -27581176.392622918
32 35 -25563165.224223129
33 35 -10179.869519757
34 35 27913609.279887967
35 35 524431880856186880.000000000
36 35 -3723.027726869
37 35 -332432.887265063
38 35 -308292.116763813
39 35 -165.617378359
31 36 1645.099140711
32 36 2440.830460453
33 36 0.296385407
34 36 -3021.782359720
35 36 -3723.027726869
36 36 524431880830315392.000000000
37 36 1376.683219009
38 36 1282.197266416
39 36 0.430560203
34 37 -1919701.339154085
35 37 -332432.887265063
36 37 1376.683219009
37 37 524431881163177344.000000000
38 37 57643234.311664231
39 37 20249.444721466
40 37 -330942280.346961558
41 37 -57310801.424401566
42 37 537.906064455
34 38 -332432.887265047
35 38 -308292.116763813
36 38 1282.197266416
37 38 57643234.311666615
38 38 524431880883771776.000000000
39 38 18770.679153772
40 38 -57310801.424399167
41 38 -53148116.092929922
42 38 784.717841789
